110,5
110,4
110,3
110,2
110,1
110,0
107,3
107,2
107,1
107,0
106,3
106,2
106,1
106,0
99,3
99,2
99,1
99,0
92,2
92,0
91,3
91,2
91,1
91,0
87,3
87,2
87,1
67,2
67,0
46,4
46,3
46,1
44,3
44,1
43,4
43,3
43,1
42,2
40,3
40,1
39,3
39,1
38,3
38,1
37,3
37,1
36,3
36,1
35,3
35,1
34,3
34,1
20,3
20,2
20,1
19,3
19,2
19,1
17,3
17,2
17,1
16,3
16,2
16,1
18,1
15,3
18,3
15,2
15,1
13,2
12,3
12,2
12,1
11,3
11,2
11,1
10,3
10,2
10,1
9,3
9,2
9,1
8,3
8,2
8,1
7,12
7,11
7,10
7,9
7,6
7,5
7,4
7,3
7,2
7,1
6,6
6,4
6,3
6,2
6,1
5,4
5,3
5,2
5,1
4,81
4,77
4,73
4,40
4,39
4,38
4,19
4,17
4,10
4,4
4,3
4,2
4,1
3,3
3,2
3,1
